n_eval: 31381
mae: 0.11912594445655016
rmse: 0.6370077935888561
mse: 0.4057789290929427
mape: 57.28601492457908
smape: 0.019037981390609828
corr: 0.997304981076978   填补值与真实值在缺失位置上的线性相关性
peak_true: 29.57093989
peak_pred: 29.0946927
peak_abs_err: 0.4762471899999987
false_power_ratio: 0.004743648060302814
false_power_mean: 0.0001167786866593021
false_power_abs_max: 0.228500278
wasserstein: 0.030321013481947687 填补功率的整体分布和真实功率分布差异
baseline_zero_mae: 6.576303899686051
baseline_zero_rmse: 10.89174950857866
baseline_mean_mae: 7.665989255501748
baseline_mean_rmse: 8.682305821416191
